0 PINHOLE 4043 3044 2951.41 2951.41 2021.5 1522
1 PINHOLE 4043 3044 2951.41 2951.41 2021.5 1522
2 PINHOLE 4043 3044 2951.41 2951.41 2021.5 1522
3 PINHOLE 4043 3044 2951.41 2951.41 2021.5 1522
4 PINHOLE 4043 3044 2951.41 2951.41 2021.5 1522
5 PINHOLE 4043 3044 2951.41 2951.41 2021.5 1522
6 PINHOLE 4043 3044 2951.41 2951.41 2021.5 1522
7 PINHOLE 4043 3044 2951.41 2951.41 2021.5 1522
8 PINHOLE 4043 3044 2951.41 2951.41 2021.5 1522
9 PINHOLE 4043 3044 2951.41 2951.41 2021.5 1522
10 PINHOLE 4043 3044 2951.41 2951.41 2021.5 1522
11 PINHOLE 4043 3044 2951.41 2951.41 2021.5 1522
12 PINHOLE 4043 3044 2951.41 2951.41 2021.5 1522
13 PINHOLE 4043 3044 2951.41 2951.41 2021.5 1522
14 PINHOLE 4043 3044 2951.41 2951.41 2021.5 1522
15 PINHOLE 4043 3044 2951.41 2951.41 2021.5 1522
16 PINHOLE 4043 3044 2951.41 2951.41 2021.5 1522
17 PINHOLE 4043 3044 2951.41 2951.41 2021.5 1522
18 PINHOLE 4043 3044 2951.41 2951.41 2021.5 1522
19 PINHOLE 4043 3044 2951.41 2951.41 2021.5 1522
20 PINHOLE 4043 3044 2951.41 2951.41 2021.5 1522
21 PINHOLE 4043 3044 2951.41 2951.41 2021.5 1522
22 PINHOLE 4043 3044 2951.41 2951.41 2021.5 1522
23 PINHOLE 4043 3044 2951.41 2951.41 2021.5 1522
24 PINHOLE 4043 3044 2951.41 2951.41 2021.5 1522
25 PINHOLE 4043 3044 2951.41 2951.41 2021.5 1522
26 PINHOLE 4043 3044 2951.41 2951.41 2021.5 1522
27 PINHOLE 4043 3044 2951.41 2951.41 2021.5 1522
28 PINHOLE 4043 3044 2951.41 2951.41 2021.5 1522
29 PINHOLE 4043 3044 2951.41 2951.41 2021.5 1522
30 PINHOLE 4043 3044 2951.41 2951.41 2021.5 1522
31 PINHOLE 4043 3044 2951.41 2951.41 2021.5 1522
32 PINHOLE 4043 3044 2951.41 2951.41 2021.5 1522
33 PINHOLE 4043 3044 2951.41 2951.41 2021.5 1522
34 PINHOLE 4043 3044 2951.41 2951.41 2021.5 1522
35 PINHOLE 4043 3044 2951.41 2951.41 2021.5 1522
36 PINHOLE 4043 3044 2951.41 2951.41 2021.5 1522
37 PINHOLE 4043 3044 2951.41 2951.41 2021.5 1522
38 PINHOLE 4043 3044 2951.41 2951.41 2021.5 1522
39 PINHOLE 4043 3044 2951.41 2951.41 2021.5 1522
40 PINHOLE 4043 3044 2951.41 2951.41 2021.5 1522
41 PINHOLE 4043 3044 2951.41 2951.41 2021.5 1522
42 PINHOLE 4043 3044 2951.41 2951.41 2021.5 1522
43 PINHOLE 4043 3044 2951.41 2951.41 2021.5 1522
44 PINHOLE 4043 3044 2951.41 2951.41 2021.5 1522
45 PINHOLE 4043 3044 2951.41 2951.41 2021.5 1522
46 PINHOLE 4043 3044 2951.41 2951.41 2021.5 1522
47 PINHOLE 4043 3044 2951.41 2951.41 2021.5 1522
48 PINHOLE 4043 3044 2951.41 2951.41 2021.5 1522
49 PINHOLE 4043 3044 2951.41 2951.41 2021.5 1522
50 PINHOLE 4043 3044 2951.41 2951.41 2021.5 1522
51 PINHOLE 4043 3044 2951.41 2951.41 2021.5 1522
52 PINHOLE 4043 3044 2951.41 2951.41 2021.5 1522
53 PINHOLE 4043 3044 2951.41 2951.41 2021.5 1522
54 PINHOLE 4043 3044 2951.41 2951.41 2021.5 1522
55 PINHOLE 4043 3044 2951.41 2951.41 2021.5 1522
56 PINHOLE 4043 3044 2951.41 2951.41 2021.5 1522
57 PINHOLE 4043 3044 2951.41 2951.41 2021.5 1522
58 PINHOLE 4043 3044 2951.41 2951.41 2021.5 1522
59 PINHOLE 4043 3044 2951.41 2951.41 2021.5 1522
60 PINHOLE 4043 3044 2951.41 2951.41 2021.5 1522
61 PINHOLE 4043 3044 2951.41 2951.41 2021.5 1522
62 PINHOLE 4043 3044 2951.41 2951.41 2021.5 1522
63 PINHOLE 4043 3044 2951.41 2951.41 2021.5 1522
64 PINHOLE 4043 3044 2951.41 2951.41 2021.5 1522
65 PINHOLE 4043 3044 2951.41 2951.41 2021.5 1522
66 PINHOLE 4043 3044 2951.41 2951.41 2021.5 1522
67 PINHOLE 4043 3044 2951.41 2951.41 2021.5 1522
68 PINHOLE 4043 3044 2951.41 2951.41 2021.5 1522
69 PINHOLE 4043 3044 2951.41 2951.41 2021.5 1522
70 PINHOLE 4043 3044 2951.41 2951.41 2021.5 1522
71 PINHOLE 4043 3044 2951.41 2951.41 2021.5 1522
72 PINHOLE 4043 3044 2951.41 2951.41 2021.5 1522
73 PINHOLE 4043 3044 2951.41 2951.41 2021.5 1522
74 PINHOLE 4043 3044 2951.41 2951.41 2021.5 1522
75 PINHOLE 4043 3044 2951.41 2951.41 2021.5 1522
76 PINHOLE 4043 3044 2951.41 2951.41 2021.5 1522
77 PINHOLE 4043 3044 2951.41 2951.41 2021.5 1522
78 PINHOLE 4043 3044 2951.41 2951.41 2021.5 1522
79 PINHOLE 4043 3044 2951.41 2951.41 2021.5 1522
80 PINHOLE 4043 3044 2951.41 2951.41 2021.5 1522
81 PINHOLE 4043 3044 2951.41 2951.41 2021.5 1522
82 PINHOLE 4043 3044 2951.41 2951.41 2021.5 1522
83 PINHOLE 4043 3044 2951.41 2951.41 2021.5 1522
84 PINHOLE 4043 3044 2951.41 2951.41 2021.5 1522
85 PINHOLE 4043 3044 2951.41 2951.41 2021.5 1522
86 PINHOLE 4043 3044 2951.41 2951.41 2021.5 1522
87 PINHOLE 4043 3044 2951.41 2951.41 2021.5 1522
88 PINHOLE 4043 3044 2951.41 2951.41 2021.5 1522
89 PINHOLE 4043 3044 2951.41 2951.41 2021.5 1522
90 PINHOLE 4043 3044 2951.41 2951.41 2021.5 1522
91 PINHOLE 4043 3044 2951.41 2951.41 2021.5 1522
92 PINHOLE 4043 3044 2951.41 2951.41 2021.5 1522
93 PINHOLE 4043 3044 2951.41 2951.41 2021.5 1522
94 PINHOLE 4043 3044 2951.41 2951.41 2021.5 1522
95 PINHOLE 4043 3044 2951.41 2951.41 2021.5 1522
96 PINHOLE 4043 3044 2951.41 2951.41 2021.5 1522
97 PINHOLE 4043 3044 2951.41 2951.41 2021.5 1522
98 PINHOLE 4043 3044 2951.41 2951.41 2021.5 1522
99 PINHOLE 4043 3044 2951.41 2951.41 2021.5 1522
100 PINHOLE 4043 3044 2951.41 2951.41 2021.5 1522
101 PINHOLE 4043 3044 2951.41 2951.41 2021.5 1522
102 PINHOLE 4043 3044 2951.41 2951.41 2021.5 1522
103 PINHOLE 4043 3044 2951.41 2951.41 2021.5 1522
104 PINHOLE 4043 3044 2951.41 2951.41 2021.5 1522
105 PINHOLE 4043 3044 2951.41 2951.41 2021.5 1522
106 PINHOLE 4043 3044 2951.41 2951.41 2021.5 1522
107 PINHOLE 4043 3044 2951.41 2951.41 2021.5 1522
108 PINHOLE 4043 3044 2951.41 2951.41 2021.5 1522
109 PINHOLE 4043 3044 2951.41 2951.41 2021.5 1522
110 PINHOLE 4043 3044 2951.41 2951.41 2021.5 1522
111 PINHOLE 4043 3044 2951.41 2951.41 2021.5 1522
112 PINHOLE 4043 3044 2951.41 2951.41 2021.5 1522
113 PINHOLE 4043 3044 2951.41 2951.41 2021.5 1522
114 PINHOLE 4043 3044 2951.41 2951.41 2021.5 1522
115 PINHOLE 4043 3044 2951.41 2951.41 2021.5 1522
116 PINHOLE 4043 3044 2951.41 2951.41 2021.5 1522
117 PINHOLE 4043 3044 2951.41 2951.41 2021.5 1522
118 PINHOLE 4043 3044 2951.41 2951.41 2021.5 1522
119 PINHOLE 4043 3044 2951.41 2951.41 2021.5 1522
120 PINHOLE 4043 3044 2951.41 2951.41 2021.5 1522
121 PINHOLE 4043 3044 2951.41 2951.41 2021.5 1522
122 PINHOLE 4043 3044 2951.41 2951.41 2021.5 1522
123 PINHOLE 4043 3044 2951.41 2951.41 2021.5 1522
124 PINHOLE 4043 3044 2951.41 2951.41 2021.5 1522
125 PINHOLE 4043 3044 2951.41 2951.41 2021.5 1522
126 PINHOLE 4043 3044 2951.41 2951.41 2021.5 1522
127 PINHOLE 4043 3044 2951.41 2951.41 2021.5 1522
128 PINHOLE 4043 3044 2951.41 2951.41 2021.5 1522
129 PINHOLE 4043 3044 2951.41 2951.41 2021.5 1522
130 PINHOLE 4043 3044 2951.41 2951.41 2021.5 1522
131 PINHOLE 4043 3044 2951.41 2951.41 2021.5 1522
132 PINHOLE 4043 3044 2951.41 2951.41 2021.5 1522
133 PINHOLE 4043 3044 2951.41 2951.41 2021.5 1522
134 PINHOLE 4043 3044 2951.41 2951.41 2021.5 1522
135 PINHOLE 4043 3044 2951.41 2951.41 2021.5 1522
136 PINHOLE 4043 3044 2951.41 2951.41 2021.5 1522
137 PINHOLE 4043 3044 2951.41 2951.41 2021.5 1522
138 PINHOLE 4043 3044 2951.41 2951.41 2021.5 1522
139 PINHOLE 4043 3044 2951.41 2951.41 2021.5 1522
140 PINHOLE 4043 3044 2951.41 2951.41 2021.5 1522
141 PINHOLE 4043 3044 2951.41 2951.41 2021.5 1522
142 PINHOLE 4043 3044 2951.41 2951.41 2021.5 1522
143 PINHOLE 4043 3044 2951.41 2951.41 2021.5 1522
144 PINHOLE 4043 3044 2951.41 2951.41 2021.5 1522
145 PINHOLE 4043 3044 2951.41 2951.41 2021.5 1522
146 PINHOLE 4043 3044 2951.41 2951.41 2021.5 1522
147 PINHOLE 4043 3044 2951.41 2951.41 2021.5 1522
148 PINHOLE 4043 3044 2951.41 2951.41 2021.5 1522
149 PINHOLE 4043 3044 2951.41 2951.41 2021.5 1522
150 PINHOLE 4043 3044 2951.41 2951.41 2021.5 1522
151 PINHOLE 4043 3044 2951.41 2951.41 2021.5 1522
152 PINHOLE 4043 3044 2951.41 2951.41 2021.5 1522
153 PINHOLE 4043 3044 2951.41 2951.41 2021.5 1522
154 PINHOLE 4043 3044 2951.41 2951.41 2021.5 1522
155 PINHOLE 4043 3044 2951.41 2951.41 2021.5 1522
156 PINHOLE 4043 3044 2951.41 2951.41 2021.5 1522
157 PINHOLE 4043 3044 2951.41 2951.41 2021.5 1522
158 PINHOLE 4043 3044 2951.41 2951.41 2021.5 1522
159 PINHOLE 4043 3044 2951.41 2951.41 2021.5 1522
160 PINHOLE 4043 3044 2951.41 2951.41 2021.5 1522
161 PINHOLE 4043 3044 2951.41 2951.41 2021.5 1522
162 PINHOLE 4043 3044 2951.41 2951.41 2021.5 1522
163 PINHOLE 4043 3044 2951.41 2951.41 2021.5 1522
164 PINHOLE 4043 3044 2951.41 2951.41 2021.5 1522
165 PINHOLE 4043 3044 2951.41 2951.41 2021.5 1522
166 PINHOLE 4043 3044 2951.41 2951.41 2021.5 1522
167 PINHOLE 4043 3044 2951.41 2951.41 2021.5 1522
168 PINHOLE 4043 3044 2951.41 2951.41 2021.5 1522
169 PINHOLE 4043 3044 2951.41 2951.41 2021.5 1522
170 PINHOLE 4043 3044 2951.41 2951.41 2021.5 1522
171 PINHOLE 4043 3044 2951.41 2951.41 2021.5 1522
172 PINHOLE 4043 3044 2951.41 2951.41 2021.5 1522
173 PINHOLE 4043 3044 2951.41 2951.41 2021.5 1522
174 PINHOLE 4043 3044 2951.41 2951.41 2021.5 1522
175 PINHOLE 4043 3044 2951.41 2951.41 2021.5 1522
176 PINHOLE 4043 3044 2951.41 2951.41 2021.5 1522
177 PINHOLE 4043 3044 2951.41 2951.41 2021.5 1522
178 PINHOLE 4043 3044 2951.41 2951.41 2021.5 1522
179 PINHOLE 4043 3044 2951.41 2951.41 2021.5 1522
180 PINHOLE 4043 3044 2951.41 2951.41 2021.5 1522
181 PINHOLE 4043 3044 2951.41 2951.41 2021.5 1522
182 PINHOLE 4043 3044 2951.41 2951.41 2021.5 1522
183 PINHOLE 4043 3044 2951.41 2951.41 2021.5 1522
184 PINHOLE 4043 3044 2951.41 2951.41 2021.5 1522
185 PINHOLE 4043 3044 2951.41 2951.41 2021.5 1522
186 PINHOLE 4043 3044 2951.41 2951.41 2021.5 1522
187 PINHOLE 4043 3044 2951.41 2951.41 2021.5 1522
188 PINHOLE 4043 3044 2951.41 2951.41 2021.5 1522
189 PINHOLE 4043 3044 2951.41 2951.41 2021.5 1522
190 PINHOLE 4043 3044 2951.41 2951.41 2021.5 1522
191 PINHOLE 4043 3044 2951.41 2951.41 2021.5 1522
192 PINHOLE 4043 3044 2951.41 2951.41 2021.5 1522
193 PINHOLE 4043 3044 2951.41 2951.41 2021.5 1522
194 PINHOLE 4043 3044 2951.41 2951.41 2021.5 1522
195 PINHOLE 4043 3044 2951.41 2951.41 2021.5 1522
196 PINHOLE 4043 3044 2951.41 2951.41 2021.5 1522
197 PINHOLE 4043 3044 2951.41 2951.41 2021.5 1522
198 PINHOLE 4043 3044 2951.41 2951.41 2021.5 1522
199 PINHOLE 4043 3044 2951.41 2951.41 2021.5 1522
200 PINHOLE 4043 3044 2951.41 2951.41 2021.5 1522
201 PINHOLE 4043 3044 2951.41 2951.41 2021.5 1522
202 PINHOLE 4043 3044 2951.41 2951.41 2021.5 1522
203 PINHOLE 4043 3044 2951.41 2951.41 2021.5 1522
204 PINHOLE 4043 3044 2951.41 2951.41 2021.5 1522
205 PINHOLE 4043 3044 2951.41 2951.41 2021.5 1522
206 PINHOLE 4043 3044 2951.41 2951.41 2021.5 1522
207 PINHOLE 4043 3044 2951.41 2951.41 2021.5 1522
208 PINHOLE 4043 3044 2951.41 2951.41 2021.5 1522
209 PINHOLE 4043 3044 2951.41 2951.41 2021.5 1522
210 PINHOLE 4043 3044 2951.41 2951.41 2021.5 1522
211 PINHOLE 4043 3044 2951.41 2951.41 2021.5 1522
212 PINHOLE 4043 3044 2951.41 2951.41 2021.5 1522
213 PINHOLE 4043 3044 2951.41 2951.41 2021.5 1522
214 PINHOLE 4043 3044 2951.41 2951.41 2021.5 1522
215 PINHOLE 4043 3044 2951.41 2951.41 2021.5 1522
216 PINHOLE 4043 3044 2951.41 2951.41 2021.5 1522
217 PINHOLE 4043 3044 2951.41 2951.41 2021.5 1522
218 PINHOLE 4043 3044 2951.41 2951.41 2021.5 1522
219 PINHOLE 4043 3044 2951.41 2951.41 2021.5 1522
220 PINHOLE 4043 3044 2951.41 2951.41 2021.5 1522
221 PINHOLE 4043 3044 2951.41 2951.41 2021.5 1522
222 PINHOLE 4043 3044 2951.41 2951.41 2021.5 1522
223 PINHOLE 4043 3044 2951.41 2951.41 2021.5 1522
224 PINHOLE 4043 3044 2951.41 2951.41 2021.5 1522
225 PINHOLE 4043 3044 2951.41 2951.41 2021.5 1522
226 PINHOLE 4043 3044 2951.41 2951.41 2021.5 1522
227 PINHOLE 4043 3044 2951.41 2951.41 2021.5 1522
228 PINHOLE 4043 3044 2951.41 2951.41 2021.5 1522
229 PINHOLE 4043 3044 2951.41 2951.41 2021.5 1522
230 PINHOLE 4043 3044 2951.41 2951.41 2021.5 1522
231 PINHOLE 4043 3044 2951.41 2951.41 2021.5 1522
232 PINHOLE 4043 3044 2951.41 2951.41 2021.5 1522
233 PINHOLE 4043 3044 2951.41 2951.41 2021.5 1522
234 PINHOLE 4043 3044 2951.41 2951.41 2021.5 1522
235 PINHOLE 4043 3044 2951.41 2951.41 2021.5 1522
236 PINHOLE 4043 3044 2951.41 2951.41 2021.5 1522
237 PINHOLE 4043 3044 2951.41 2951.41 2021.5 1522
238 PINHOLE 4043 3044 2951.41 2951.41 2021.5 1522
239 PINHOLE 4043 3044 2951.41 2951.41 2021.5 1522
240 PINHOLE 4043 3044 2951.41 2951.41 2021.5 1522
241 PINHOLE 4043 3044 2951.41 2951.41 2021.5 1522
242 PINHOLE 4043 3044 2951.41 2951.41 2021.5 1522
243 PINHOLE 4043 3044 2951.41 2951.41 2021.5 1522
244 PINHOLE 4043 3044 2951.41 2951.41 2021.5 1522
245 PINHOLE 4043 3044 2951.41 2951.41 2021.5 1522
246 PINHOLE 4043 3044 2951.41 2951.41 2021.5 1522
247 PINHOLE 4043 3044 2951.41 2951.41 2021.5 1522
248 PINHOLE 4043 3044 2951.41 2951.41 2021.5 1522
249 PINHOLE 4043 3044 2951.41 2951.41 2021.5 1522
250 PINHOLE 4043 3044 2951.41 2951.41 2021.5 1522
251 PINHOLE 4043 3044 2951.41 2951.41 2021.5 1522
252 PINHOLE 4043 3044 2951.41 2951.41 2021.5 1522
253 PINHOLE 4043 3044 2951.41 2951.41 2021.5 1522
254 PINHOLE 4043 3044 2951.41 2951.41 2021.5 1522
255 PINHOLE 4043 3044 2951.41 2951.41 2021.5 1522
256 PINHOLE 4043 3044 2951.41 2951.41 2021.5 1522
257 PINHOLE 4043 3044 2951.41 2951.41 2021.5 1522
258 PINHOLE 4043 3044 2951.41 2951.41 2021.5 1522
259 PINHOLE 4043 3044 2951.41 2951.41 2021.5 1522
260 PINHOLE 4043 3044 2951.41 2951.41 2021.5 1522
261 PINHOLE 4043 3044 2951.41 2951.41 2021.5 1522
262 PINHOLE 4043 3044 2951.41 2951.41 2021.5 1522
263 PINHOLE 4043 3044 2951.41 2951.41 2021.5 1522
264 PINHOLE 4043 3044 2951.41 2951.41 2021.5 1522
265 PINHOLE 4043 3044 2951.41 2951.41 2021.5 1522
266 PINHOLE 4043 3044 2951.41 2951.41 2021.5 1522
267 PINHOLE 4043 3044 2951.41 2951.41 2021.5 1522
268 PINHOLE 4043 3044 2951.41 2951.41 2021.5 1522
269 PINHOLE 4043 3044 2951.41 2951.41 2021.5 1522
270 PINHOLE 4043 3044 2951.41 2951.41 2021.5 1522
271 PINHOLE 4043 3044 2951.41 2951.41 2021.5 1522
272 PINHOLE 4043 3044 2951.41 2951.41 2021.5 1522
273 PINHOLE 4043 3044 2951.41 2951.41 2021.5 1522
274 PINHOLE 4043 3044 2951.41 2951.41 2021.5 1522
275 PINHOLE 4043 3044 2951.41 2951.41 2021.5 1522
276 PINHOLE 4043 3044 2951.41 2951.41 2021.5 1522
277 PINHOLE 4043 3044 2951.41 2951.41 2021.5 1522
278 PINHOLE 4043 3044 2951.41 2951.41 2021.5 1522
279 PINHOLE 4043 3044 2951.41 2951.41 2021.5 1522
280 PINHOLE 4043 3044 2951.41 2951.41 2021.5 1522
281 PINHOLE 4043 3044 2951.41 2951.41 2021.5 1522
282 PINHOLE 4043 3044 2951.41 2951.41 2021.5 1522
283 PINHOLE 4043 3044 2951.41 2951.41 2021.5 1522
284 PINHOLE 4043 3044 2951.41 2951.41 2021.5 1522
285 PINHOLE 4043 3044 2951.41 2951.41 2021.5 1522
286 PINHOLE 4043 3044 2951.41 2951.41 2021.5 1522
287 PINHOLE 4043 3044 2951.41 2951.41 2021.5 1522
288 PINHOLE 4043 3044 2951.41 2951.41 2021.5 1522
289 PINHOLE 4043 3044 2951.41 2951.41 2021.5 1522
290 PINHOLE 4043 3044 2951.41 2951.41 2021.5 1522
291 PINHOLE 4043 3044 2951.41 2951.41 2021.5 1522
292 PINHOLE 4043 3044 2951.41 2951.41 2021.5 1522
293 PINHOLE 4043 3044 2951.41 2951.41 2021.5 1522
294 PINHOLE 4043 3044 2951.41 2951.41 2021.5 1522
295 PINHOLE 4043 3044 2951.41 2951.41 2021.5 1522
296 PINHOLE 4043 3044 2951.41 2951.41 2021.5 1522
297 PINHOLE 4043 3044 2951.41 2951.41 2021.5 1522
298 PINHOLE 4043 3044 2951.41 2951.41 2021.5 1522
299 PINHOLE 4043 3044 2951.41 2951.41 2021.5 1522
300 PINHOLE 4043 3044 2951.41 2951.41 2021.5 1522
301 PINHOLE 4043 3044 2951.41 2951.41 2021.5 1522
302 PINHOLE 4043 3044 2951.41 2951.41 2021.5 1522
303 PINHOLE 4043 3044 2951.41 2951.41 2021.5 1522
304 PINHOLE 4043 3044 2951.41 2951.41 2021.5 1522
305 PINHOLE 4043 3044 2951.41 2951.41 2021.5 1522
306 PINHOLE 4043 3044 2951.41 2951.41 2021.5 1522
307 PINHOLE 4043 3044 2951.41 2951.41 2021.5 1522
308 PINHOLE 4043 3044 2951.41 2951.41 2021.5 1522
309 PINHOLE 4043 3044 2951.41 2951.41 2021.5 1522
310 PINHOLE 4043 3044 2951.41 2951.41 2021.5 1522
311 PINHOLE 4043 3044 2951.41 2951.41 2021.5 1522
312 PINHOLE 4043 3044 2951.41 2951.41 2021.5 1522
313 PINHOLE 4043 3044 2951.41 2951.41 2021.5 1522
314 PINHOLE 4043 3044 2951.41 2951.41 2021.5 1522
315 PINHOLE 4043 3044 2951.41 2951.41 2021.5 1522
316 PINHOLE 4043 3044 2951.41 2951.41 2021.5 1522
317 PINHOLE 4043 3044 2951.41 2951.41 2021.5 1522
318 PINHOLE 4043 3044 2951.41 2951.41 2021.5 1522
319 PINHOLE 4043 3044 2951.41 2951.41 2021.5 1522
320 PINHOLE 4043 3044 2951.41 2951.41 2021.5 1522
321 PINHOLE 4043 3044 2951.41 2951.41 2021.5 1522
322 PINHOLE 4043 3044 2951.41 2951.41 2021.5 1522
323 PINHOLE 4043 3044 2951.41 2951.41 2021.5 1522
324 PINHOLE 4043 3044 2951.41 2951.41 2021.5 1522
325 PINHOLE 4043 3044 2951.41 2951.41 2021.5 1522
326 PINHOLE 4043 3044 2951.41 2951.41 2021.5 1522
327 PINHOLE 4043 3044 2951.41 2951.41 2021.5 1522
328 PINHOLE 4043 3044 2951.41 2951.41 2021.5 1522
329 PINHOLE 4043 3044 2951.41 2951.41 2021.5 1522
330 PINHOLE 4043 3044 2951.41 2951.41 2021.5 1522
331 PINHOLE 4043 3044 2951.41 2951.41 2021.5 1522
332 PINHOLE 4043 3044 2951.41 2951.41 2021.5 1522
333 PINHOLE 4043 3044 2951.41 2951.41 2021.5 1522
334 PINHOLE 4043 3044 2951.41 2951.41 2021.5 1522
335 PINHOLE 4043 3044 2951.41 2951.41 2021.5 1522
336 PINHOLE 4043 3044 2951.41 2951.41 2021.5 1522
337 PINHOLE 4043 3044 2951.41 2951.41 2021.5 1522
338 PINHOLE 4043 3044 2951.41 2951.41 2021.5 1522
339 PINHOLE 4043 3044 2951.41 2951.41 2021.5 1522
340 PINHOLE 4043 3044 2951.41 2951.41 2021.5 1522
341 PINHOLE 4043 3044 2951.41 2951.41 2021.5 1522
342 PINHOLE 4043 3044 2951.41 2951.41 2021.5 1522
343 PINHOLE 4043 3044 2951.41 2951.41 2021.5 1522

