# Image list with two lines of data per image:
#   IMAGE_ID, QW, QX, QY, QZ, TX, TY, TZ, CAMERA_ID, NAME
#   POINTS2D[] as (X, Y, POINT3D_ID)
0 -0.777023 -0.00308083 0.629077 -0.0220879 0.959632 0.0756756 3.9024 0 00000000.png

1 -0.77644 -0.0019707 0.629766 -0.0230586 0.981247 0.089289 3.8885 1 00000000.png

2 -0.775856 -0.000860556 0.630452 -0.0240293 1.00292 0.102824 3.87464 2 00000000.png

3 -0.775269 0.000249587 0.631137 -0.0249998 1.02464 0.11628 3.86084 3 00000000.png

4 -0.774679 0.00135973 0.631819 -0.0259704 1.04641 0.129658 3.84708 4 00000000.png

5 -0.774088 0.00246987 0.6325 -0.0269408 1.06823 0.142959 3.83338 5 00000000.png

6 -0.773494 0.00358 0.633179 -0.0279111 1.09011 0.156182 3.81972 6 00000000.png

7 -0.772898 0.00469012 0.633856 -0.0288814 1.11203 0.169328 3.80612 7 00000000.png

8 -0.772299 0.00580023 0.634531 -0.0298516 1.13401 0.182396 3.79256 8 00000000.png

9 -0.771698 0.00691032 0.635204 -0.0308217 1.15604 0.195389 3.77906 9 00000000.png

10 -0.771095 0.00802039 0.635875 -0.0317917 1.17812 0.208305 3.76561 10 00000000.png

11 -0.77049 0.00913044 0.636545 -0.0327616 1.20026 0.221145 3.75221 11 00000000.png

12 -0.769882 0.0102405 0.637212 -0.0337314 1.22244 0.233909 3.73887 12 00000000.png

13 -0.769272 0.0113504 0.637878 -0.0347011 1.24467 0.246598 3.72557 13 00000000.png

14 -0.768659 0.0124604 0.638541 -0.0356707 1.26696 0.259212 3.71234 14 00000000.png

15 -0.768045 0.0135703 0.639203 -0.0366402 1.28929 0.271752 3.69915 15 00000000.png

16 -0.767428 0.0146802 0.639863 -0.0376096 1.31167 0.284217 3.68603 16 00000000.png

17 -0.766808 0.01579 0.640521 -0.0385789 1.33411 0.296607 3.67295 17 00000000.png

18 -0.766187 0.0168998 0.641177 -0.0395481 1.35659 0.308924 3.65994 18 00000000.png

19 -0.765563 0.0180095 0.641831 -0.0405171 1.37912 0.321168 3.64698 19 00000000.png

20 -0.764937 0.0191192 0.642483 -0.041486 1.4017 0.333338 3.63407 20 00000000.png

21 -0.764308 0.0202288 0.643134 -0.0424548 1.42433 0.345436 3.62123 21 00000000.png

22 -0.763678 0.0213384 0.643782 -0.0434235 1.44701 0.357461 3.60844 22 00000000.png

23 -0.763045 0.0224479 0.644428 -0.044392 1.46974 0.369414 3.59571 23 00000000.png

24 -0.76241 0.0235573 0.645073 -0.0453605 1.49252 0.381295 3.58304 24 00000000.png

25 -0.761132 0.0257759 0.646356 -0.0472968 1.53821 0.404842 3.55787 25 00000000.png

26 -0.757835 0.0244288 0.650319 -0.0466235 1.53302 0.393058 3.5726 26 00000000.png

27 -0.754517 0.023081 0.654263 -0.0459488 1.52772 0.381265 3.58755 27 00000000.png

28 -0.751176 0.0217325 0.658189 -0.0452728 1.5223 0.369463 3.60273 28 00000000.png

29 -0.747814 0.0203833 0.662095 -0.0445955 1.51675 0.357649 3.61813 29 00000000.png

30 -0.74443 0.0190336 0.665982 -0.0439169 1.51108 0.345823 3.63375 30 00000000.png

31 -0.741025 0.0176833 0.669851 -0.043237 1.50527 0.333983 3.6496 31 00000000.png

32 -0.737598 0.0163326 0.673699 -0.0425559 1.49932 0.322125 3.66566 32 00000000.png

33 -0.734151 0.0149813 0.677529 -0.0418735 1.49322 0.310249 3.68194 33 00000000.png

34 -0.730682 0.0136296 0.681338 -0.04119 1.48697 0.298353 3.69844 34 00000000.png

35 -0.727191 0.0122775 0.685129 -0.0405052 1.48056 0.286435 3.71515 35 00000000.png

36 -0.72368 0.0109251 0.688899 -0.0398193 1.47399 0.274493 3.73208 36 00000000.png

37 -0.720148 0.00957234 0.692649 -0.0391323 1.46725 0.262525 3.74922 37 00000000.png

38 -0.716596 0.00821931 0.69638 -0.0384441 1.46034 0.250529 3.76657 38 00000000.png

39 -0.713022 0.00686604 0.70009 -0.0377548 1.45325 0.238504 3.78413 39 00000000.png

40 -0.709428 0.00551258 0.703781 -0.0370644 1.44598 0.226447 3.8019 40 00000000.png

41 -0.705814 0.00415896 0.707451 -0.0363729 1.43851 0.214357 3.81987 41 00000000.png

42 -0.702179 0.00280522 0.7111 -0.0356804 1.43086 0.202231 3.83804 42 00000000.png

43 -0.698524 0.00145139 0.714729 -0.0349869 1.423 0.190068 3.85642 43 00000000.png

44 -0.694849 9.7529e-05 0.718338 -0.0342923 1.41493 0.177866 3.87498 44 00000000.png

45 -0.691154 -0.00125634 0.721925 -0.0335968 1.40666 0.165623 3.89375 45 00000000.png

46 -0.687438 -0.00261017 0.725492 -0.0329003 1.39817 0.153338 3.91271 46 00000000.png

47 -0.683704 -0.00396393 0.729038 -0.0322028 1.38946 0.141007 3.93185 47 00000000.png

48 -0.679949 -0.00531757 0.732563 -0.0315044 1.38052 0.12863 3.95119 48 00000000.png

49 -0.676174 -0.00667106 0.736067 -0.0308052 1.37135 0.116204 3.9707 49 00000000.png

50 -0.672381 -0.00802435 0.73955 -0.030105 1.36195 0.103728 3.9904 50 00000000.png

51 -0.668567 -0.00937742 0.743011 -0.0294039 1.3523 0.0911989 4.01028 51 00000000.png

52 -0.664735 -0.0107302 0.746451 -0.028702 1.34241 0.0786159 4.03033 52 00000000.png

53 -0.660883 -0.0120827 0.749869 -0.0279993 1.33226 0.0659765 4.05055 53 00000000.png

54 0.653123 0.0147866 -0.756641 0.0265915 1.31121 0.0405217 4.09149 54 00000000.png

55 0.64797 0.0144753 -0.761067 0.0264883 1.29473 0.0389876 4.10099 55 00000000.png

56 0.642788 0.0141633 -0.765459 0.0263839 1.27824 0.0374427 4.1108 56 00000000.png

57 0.637576 0.0138507 -0.769815 0.0262783 1.26171 0.0358868 4.12092 57 00000000.png

58 0.632334 0.0135375 -0.774135 0.0261714 1.24513 0.0343199 4.13136 58 00000000.png

59 0.627063 0.0132236 -0.77842 0.0260634 1.22849 0.0327418 4.1421 59 00000000.png

60 0.621763 0.0129091 -0.782669 0.0259541 1.21179 0.0311523 4.15315 60 00000000.png

61 0.616435 0.012594 -0.786881 0.0258437 1.195 0.0295515 4.16452 61 00000000.png

62 0.611077 0.0122783 -0.791057 0.025732 1.17811 0.0279391 4.1762 62 00000000.png

63 0.605692 0.0119621 -0.795197 0.0256192 1.16113 0.026315 4.18818 63 00000000.png

64 0.600279 0.0116453 -0.799299 0.0255052 1.14402 0.0246792 4.20048 64 00000000.png

65 0.594837 0.0113279 -0.803365 0.02539 1.12679 0.0230316 4.21309 65 00000000.png

66 0.589369 0.0110101 -0.807394 0.0252736 1.10942 0.0213722 4.226 66 00000000.png

67 0.583873 0.0106917 -0.811385 0.0251561 1.0919 0.0197008 4.23922 67 00000000.png

68 0.57835 0.0103728 -0.815339 0.0250373 1.07421 0.0180173 4.25275 68 00000000.png

69 0.5728 0.0100535 -0.819255 0.0249175 1.05635 0.0163219 4.26658 69 00000000.png

70 0.567224 0.00973369 -0.823133 0.0247965 1.03831 0.0146142 4.28071 70 00000000.png

71 0.561621 0.00941343 -0.826973 0.0246743 1.02006 0.0128946 4.29513 71 00000000.png

72 0.555993 0.00909274 -0.830775 0.024551 1.00161 0.0111628 4.30985 72 00000000.png

73 0.550339 0.00877163 -0.834538 0.0244265 0.982939 0.00941879 4.32486 73 00000000.png

74 0.544659 0.00845011 -0.838263 0.024301 0.964035 0.00766271 4.34016 74 00000000.png

75 0.538954 0.0081282 -0.841949 0.0241743 0.944889 0.00589448 4.35574 75 00000000.png

76 0.533224 0.00780591 -0.845596 0.0240465 0.925489 0.00411413 4.3716 76 00000000.png

77 0.52747 0.00748327 -0.849204 0.0239175 0.905824 0.00232173 4.38774 77 00000000.png

78 0.521691 0.00716027 -0.852773 0.0237875 0.885882 0.000517256 4.40416 78 00000000.png

79 0.515888 0.00683695 -0.856302 0.0236564 0.865652 -0.00129925 4.42083 79 00000000.png

80 0.510062 0.00651331 -0.859792 0.0235241 0.845125 -0.00312767 4.43778 80 00000000.png

81 0.504211 0.00618937 -0.863241 0.0233908 0.824288 -0.00496799 4.45497 81 00000000.png

82 0.498337 0.00586514 -0.866651 0.0232564 0.803132 -0.00682015 4.47243 82 00000000.png

83 0.486521 0.00521587 -0.873351 0.0229845 0.759815 -0.010559 4.50806 83 00000000.png

84 0.479605 0.0045786 -0.877127 0.0246342 0.733079 0.00616206 4.50547 84 00000000.png

85 0.472657 0.00394102 -0.880846 0.0262824 0.706591 0.0228437 4.50311 85 00000000.png

86 0.465678 0.00330317 -0.884507 0.0279289 0.680332 0.0394888 4.50098 86 00000000.png

87 0.458669 0.00266512 -0.888111 0.0295736 0.654293 0.0561007 4.49909 87 00000000.png

88 0.45163 0.00202689 -0.891657 0.0312164 0.628456 0.0726829 4.49745 88 00000000.png

89 0.444561 0.00138853 -0.895145 0.0328571 0.602807 0.0892388 4.49605 89 00000000.png

90 0.437464 0.000750072 -0.898574 0.0344957 0.577328 0.105772 4.49492 90 00000000.png

91 0.430338 0.00011157 -0.901945 0.036132 0.552008 0.122285 4.49405 91 00000000.png

92 0.423183 -0.000526939 -0.905257 0.0377659 0.526827 0.138783 4.49344 92 00000000.png

93 0.416002 -0.00116541 -0.908509 0.0393974 0.501773 0.155268 4.49311 93 00000000.png

94 0.408793 -0.00180381 -0.911703 0.0410264 0.476827 0.171743 4.49305 94 00000000.png

95 0.401557 -0.00244209 -0.914837 0.0426526 0.451977 0.188213 4.49327 95 00000000.png

96 0.394296 -0.00308022 -0.917911 0.0442761 0.427204 0.204681 4.49377 96 00000000.png

97 0.387008 -0.00371814 -0.920926 0.0458967 0.402493 0.22115 4.49456 97 00000000.png

98 0.379695 -0.00435582 -0.92388 0.0475143 0.377827 0.237623 4.49563 98 00000000.png

99 0.372358 -0.00499321 -0.926775 0.0491288 0.353192 0.254104 4.49699 99 00000000.png

100 0.364996 -0.00563028 -0.929608 0.05074 0.32857 0.270597 4.49864 100 00000000.png

101 0.357611 -0.00626698 -0.932381 0.052348 0.303946 0.287104 4.50058 101 00000000.png

102 0.350202 -0.00690327 -0.935094 0.0539526 0.279303 0.303629 4.5028 102 00000000.png

103 0.34277 -0.00753912 -0.937745 0.0555536 0.254625 0.320175 4.50532 103 00000000.png

104 0.335316 -0.00817447 -0.940335 0.057151 0.229896 0.336746 4.50813 104 00000000.png

105 0.32784 -0.00880929 -0.942864 0.0587447 0.2051 0.353345 4.51122 105 00000000.png

106 0.320343 -0.00944353 -0.945331 0.0603346 0.18022 0.369975 4.5146 106 00000000.png

107 0.312825 -0.0100772 -0.947737 0.0619205 0.155241 0.38664 4.51827 107 00000000.png

108 0.305286 -0.0107101 -0.950081 0.0635024 0.130146 0.403341 4.52221 108 00000000.png

109 0.297727 -0.0113424 -0.952362 0.0650801 0.104918 0.420084 4.52644 109 00000000.png

110 0.290149 -0.0119739 -0.954582 0.0666536 0.0795441 0.436871 4.53094 110 00000000.png

111 0.282553 -0.0126047 -0.95674 0.0682228 0.0540067 0.453704 4.53571 111 00000000.png

112 0.267304 -0.0138637 -0.960867 0.0713476 0.00237593 0.487524 4.54604 112 00000000.png

113 0.26454 -0.0136574 -0.961684 0.0706809 0.00218511 0.479848 4.54205 113 00000000.png

114 0.261774 -0.0134509 -0.962492 0.0700136 0.00204792 0.472195 4.53819 114 00000000.png

115 0.259005 -0.0132444 -0.963292 0.0693457 0.00196201 0.464566 4.53447 115 00000000.png

116 0.256234 -0.0130377 -0.964084 0.0686771 0.00192564 0.456961 4.53089 116 00000000.png

117 0.253461 -0.0128309 -0.964867 0.068008 0.00193705 0.449379 4.52745 117 00000000.png

118 0.250686 -0.012624 -0.965641 0.0673383 0.00199616 0.441819 4.52414 118 00000000.png

119 0.247908 -0.012417 -0.966407 0.0666679 0.00209895 0.434282 4.52097 119 00000000.png

120 0.245128 -0.0122099 -0.967165 0.065997 0.00224512 0.426766 4.51794 120 00000000.png

121 0.242346 -0.0120026 -0.967914 0.0653255 0.00243255 0.419272 4.51505 121 00000000.png

122 0.239562 -0.0117953 -0.968654 0.0646534 0.00265986 0.411799 4.5123 122 00000000.png

123 0.236776 -0.0115879 -0.969386 0.0639807 0.00292542 0.404346 4.5097 123 00000000.png

124 0.233988 -0.0113803 -0.970109 0.0633075 0.00322782 0.396914 4.50723 124 00000000.png

125 0.231198 -0.0111727 -0.970824 0.0626338 0.00356403 0.389502 4.5049 125 00000000.png

126 0.228405 -0.010965 -0.971531 0.0619595 0.00393374 0.382109 4.50271 126 00000000.png

127 0.225611 -0.0107571 -0.972228 0.0612846 0.00433483 0.374735 4.50067 127 00000000.png

128 0.222815 -0.0105492 -0.972918 0.0606092 0.00476522 0.36738 4.49877 128 00000000.png

129 0.220017 -0.0103412 -0.973598 0.0599333 0.00522374 0.360044 4.49701 129 00000000.png

130 0.217216 -0.0101331 -0.97427 0.0592568 0.00570866 0.352725 4.49539 130 00000000.png

131 0.214414 -0.00992486 -0.974934 0.0585798 0.00621787 0.345424 4.49392 131 00000000.png

132 0.21161 -0.00971658 -0.975589 0.0579023 0.00675012 0.33814 4.49259 132 00000000.png

133 0.208804 -0.0095082 -0.976235 0.0572243 0.00730343 0.330872 4.4914 133 00000000.png

134 0.205997 -0.00929975 -0.976873 0.0565458 0.00787665 0.323621 4.49035 134 00000000.png

135 0.203187 -0.00909121 -0.977503 0.0558668 0.00846733 0.316386 4.48945 135 00000000.png

136 0.200376 -0.00888259 -0.978123 0.0551873 0.0090742 0.309166 4.4887 136 00000000.png

137 0.197563 -0.00867389 -0.978735 0.0545073 0.00969506 0.301961 4.48809 137 00000000.png

138 0.194748 -0.00846512 -0.979339 0.0538268 0.0103283 0.294772 4.48762 138 00000000.png

139 0.191932 -0.00825627 -0.979934 0.0531459 0.0109733 0.287596 4.48729 139 00000000.png

140 0.189113 -0.00804735 -0.98052 0.0524645 0.0116273 0.280434 4.48712 140 00000000.png

141 0.183472 -0.00762929 -0.981666 0.0511003 0.0129555 0.266149 4.48719 141 00000000.png

142 0.179785 -0.00718799 -0.98234 0.0513159 -0.0053056 0.263076 4.48101 142 00000000.png

143 0.176095 -0.00674658 -0.983 0.0515308 -0.0234658 0.259995 4.47481 143 00000000.png

144 0.172403 -0.00630507 -0.983646 0.0517449 -0.0415259 0.256908 4.46859 144 00000000.png

145 0.168708 -0.00586347 -0.984278 0.0519583 -0.0594863 0.253814 4.46235 145 00000000.png

146 0.165011 -0.00542179 -0.984896 0.0521709 -0.0773479 0.250715 4.4561 146 00000000.png

147 0.161312 -0.00498003 -0.9855 0.0523828 -0.0951118 0.24761 4.44984 147 00000000.png

148 0.15761 -0.0045382 -0.986089 0.052594 -0.112779 0.244499 4.44356 148 00000000.png

149 0.153906 -0.0040963 -0.986665 0.0528044 -0.130348 0.241383 4.43727 149 00000000.png

150 0.150199 -0.00365435 -0.987227 0.0530141 -0.147823 0.238261 4.43097 150 00000000.png

151 0.146491 -0.00321234 -0.987774 0.0532229 -0.165204 0.235135 4.42466 151 00000000.png

152 0.142781 -0.00277029 -0.988307 0.0534311 -0.18249 0.232004 4.41834 152 00000000.png

153 0.139068 -0.0023282 -0.988826 0.0536384 -0.199683 0.228868 4.41201 153 00000000.png

154 0.135354 -0.00188607 -0.989331 0.053845 -0.216784 0.225728 4.40568 154 00000000.png

155 0.131637 -0.00144392 -0.989822 0.0540509 -0.233793 0.222584 4.39934 155 00000000.png

156 0.127919 -0.00100174 -0.990299 0.0542559 -0.250712 0.219436 4.39299 156 00000000.png

157 0.124199 -0.000559557 -0.990762 0.0544602 -0.267542 0.216284 4.38664 157 00000000.png

158 0.120477 -0.000117361 -0.99121 0.0546637 -0.284283 0.213129 4.38029 158 00000000.png

159 0.116753 0.000324836 -0.991644 0.0548664 -0.300936 0.20997 4.37394 159 00000000.png

160 0.113028 0.000767028 -0.992064 0.0550684 -0.317503 0.206809 4.36758 160 00000000.png

161 0.109301 0.00120921 -0.99247 0.0552695 -0.333983 0.203644 4.36123 161 00000000.png

162 0.105572 0.00165137 -0.992862 0.0554699 -0.350378 0.200477 4.35487 162 00000000.png

163 0.101842 0.00209352 -0.99324 0.0556694 -0.36669 0.197307 4.34851 163 00000000.png

164 0.0981108 0.00253563 -0.993603 0.0558682 -0.382918 0.194134 4.34216 164 00000000.png

165 0.094378 0.0029777 -0.993952 0.0560662 -0.399064 0.19096 4.33581 165 00000000.png

166 0.0906438 0.00341973 -0.994287 0.0562634 -0.415129 0.187783 4.32947 166 00000000.png

167 0.0869083 0.00386171 -0.994608 0.0564597 -0.431114 0.184605 4.32313 167 00000000.png

168 0.0831715 0.00430364 -0.994914 0.0566553 -0.447019 0.181425 4.31679 168 00000000.png

169 0.0794336 0.00474551 -0.995206 0.05685 -0.462846 0.178243 4.31046 169 00000000.png

170 0.0719542 0.00562902 -0.995748 0.0572371 -0.494271 0.171876 4.29783 170 00000000.png

171 0.0685829 0.00522894 -0.996019 0.0567023 -0.504327 0.167744 4.29214 171 00000000.png

172 0.0652106 0.00482878 -0.996278 0.0561668 -0.514331 0.163617 4.28652 172 00000000.png

173 0.0618375 0.00442857 -0.996525 0.0556306 -0.524282 0.159493 4.28094 173 00000000.png

174 0.0584638 0.0040283 -0.99676 0.0550938 -0.534184 0.155373 4.27543 174 00000000.png

175 0.0550893 0.00362798 -0.996983 0.0545563 -0.544036 0.151257 4.26998 175 00000000.png

176 0.0517141 0.00322763 -0.997195 0.0540181 -0.55384 0.147144 4.26458 176 00000000.png

177 0.0483384 0.00282723 -0.997394 0.0534793 -0.563599 0.143034 4.25925 177 00000000.png

178 0.044962 0.0024268 -0.997582 0.0529399 -0.573312 0.138927 4.25397 178 00000000.png

179 0.0415852 0.00202634 -0.997758 0.0523999 -0.582981 0.134822 4.24875 179 00000000.png

180 0.0382078 0.00162586 -0.997922 0.0518592 -0.592607 0.13072 4.2436 180 00000000.png

181 0.03483 0.00122536 -0.998074 0.0513179 -0.602192 0.12662 4.2385 181 00000000.png

182 0.0314518 0.00082484 -0.998214 0.050776 -0.611737 0.122523 4.23347 182 00000000.png

183 0.0280732 0.000424313 -0.998343 0.0502335 -0.621244 0.118426 4.22849 183 00000000.png

184 0.0246943 2.37818e-05 -0.998459 0.0496904 -0.630713 0.114332 4.22358 184 00000000.png

185 0.021315 -0.00037675 -0.998564 0.0491467 -0.640145 0.110238 4.21873 185 00000000.png

186 0.0179355 -0.000777278 -0.998657 0.0486024 -0.649544 0.106146 4.21394 186 00000000.png

187 0.0145559 -0.00117779 -0.998738 0.0480576 -0.658908 0.102054 4.20922 187 00000000.png

188 0.011176 -0.0015783 -0.998807 0.0475121 -0.66824 0.0979628 4.20456 188 00000000.png

189 0.00779599 -0.00197878 -0.998864 0.0469662 -0.677542 0.0938721 4.19996 189 00000000.png

190 0.00441589 -0.00237925 -0.998909 0.0464196 -0.686814 0.0897815 4.19542 190 00000000.png

191 0.00103575 -0.00277968 -0.998943 0.0458725 -0.696058 0.0856908 4.19095 191 00000000.png

192 -0.00234441 -0.00318008 -0.998964 0.0453249 -0.705275 0.0815997 4.18654 192 00000000.png

193 -0.00572453 -0.00358044 -0.998974 0.0447767 -0.714466 0.0775081 4.18219 193 00000000.png

194 -0.0091046 -0.00398076 -0.998972 0.044228 -0.723633 0.0734158 4.17791 194 00000000.png

195 -0.0124845 -0.00438104 -0.998958 0.0436787 -0.732777 0.0693224 4.17369 195 00000000.png

196 -0.0158644 -0.00478126 -0.998932 0.043129 -0.7419 0.065228 4.16953 196 00000000.png

197 -0.019244 -0.00518142 -0.998894 0.0425787 -0.751002 0.061132 4.16544 197 00000000.png

198 -0.0226234 -0.00558152 -0.998845 0.0420279 -0.760086 0.0570344 4.16141 198 00000000.png

199 -0.0293813 -0.00638154 -0.99871 0.0409248 -0.7782 0.0488325 4.15355 199 00000000.png

200 -0.0305133 -0.00680184 -0.998838 0.0366763 -0.768458 0.0133351 4.15203 200 00000000.png

201 -0.0316448 -0.00722202 -0.998947 0.032427 -0.758729 -0.0221642 4.15028 201 00000000.png

202 -0.0327757 -0.00764206 -0.999036 0.0281771 -0.749013 -0.0576629 4.14829 202 00000000.png

203 -0.0339059 -0.00806195 -0.999106 0.0239266 -0.739311 -0.0931591 4.14605 203 00000000.png

204 -0.0350354 -0.00848169 -0.999156 0.0196757 -0.729622 -0.128651 4.14358 204 00000000.png

205 -0.0361643 -0.00890126 -0.999187 0.0154243 -0.719945 -0.164138 4.14087 205 00000000.png

206 -0.0372925 -0.00932065 -0.999198 0.0111727 -0.71028 -0.199617 4.13793 206 00000000.png

207 -0.0384199 -0.00973987 -0.99919 0.00692085 -0.700626 -0.235086 4.13474 207 00000000.png

208 -0.0395466 -0.0101589 -0.999163 0.00266887 -0.690984 -0.270545 4.13131 208 00000000.png

209 -0.0406725 -0.0105777 -0.999115 -0.00158317 -0.681352 -0.305992 4.12765 209 00000000.png

210 -0.0417976 -0.0109963 -0.999049 -0.00583518 -0.671729 -0.341424 4.12374 210 00000000.png

211 -0.0429219 -0.0114147 -0.998962 -0.0100871 -0.662116 -0.376839 4.1196 211 00000000.png

212 -0.0440454 -0.0118329 -0.998857 -0.0143388 -0.652513 -0.412238 4.11521 212 00000000.png

213 -0.045168 -0.0122509 -0.998731 -0.0185902 -0.642917 -0.447617 4.11059 213 00000000.png

214 -0.0462897 -0.0126686 -0.998587 -0.0228412 -0.633331 -0.482975 4.10573 214 00000000.png

215 -0.0474105 -0.013086 -0.998422 -0.0270918 -0.623751 -0.51831 4.10063 215 00000000.png

216 -0.0485304 -0.0135032 -0.998239 -0.0313419 -0.614179 -0.553621 4.09529 216 00000000.png

217 -0.0496493 -0.0139202 -0.998035 -0.0355914 -0.604614 -0.588905 4.08972 217 00000000.png

218 -0.0507673 -0.0143369 -0.997813 -0.0398401 -0.595054 -0.624162 4.0839 218 00000000.png

219 -0.0518843 -0.0147533 -0.99757 -0.0440881 -0.585501 -0.659389 4.07785 219 00000000.png

220 -0.0530003 -0.0151694 -0.997309 -0.0483353 -0.575953 -0.694584 4.07155 220 00000000.png

221 -0.0541152 -0.0155852 -0.997028 -0.0525814 -0.566409 -0.729747 4.06502 221 00000000.png

222 -0.0552291 -0.0160007 -0.996727 -0.0568266 -0.55687 -0.764875 4.05825 222 00000000.png

223 -0.0563419 -0.0164159 -0.996407 -0.0610706 -0.547335 -0.799967 4.05124 223 00000000.png

224 -0.0574536 -0.0168307 -0.996067 -0.0653135 -0.537803 -0.83502 4.044 224 00000000.png

225 -0.0585642 -0.0172453 -0.995708 -0.0695551 -0.528274 -0.870034 4.03651 225 00000000.png

226 -0.0596736 -0.0176595 -0.99533 -0.0737953 -0.518748 -0.905006 4.02879 226 00000000.png

227 -0.0607819 -0.0180733 -0.994932 -0.0780341 -0.509223 -0.939935 4.02083 227 00000000.png

228 -0.0629949 -0.0189 -0.994078 -0.0865068 -0.490178 -1.00965 4.0042 228 00000000.png

229 -0.0647359 -0.018143 -0.994608 -0.078967 -0.48222 -0.945672 4.01703 229 00000000.png

230 -0.0664731 -0.0173849 -0.995077 -0.0714222 -0.474318 -0.881497 4.02893 230 00000000.png

231 -0.0682063 -0.0166258 -0.995486 -0.0638731 -0.46647 -0.817149 4.0399 231 00000000.png

232 -0.0699352 -0.0158656 -0.995834 -0.0563201 -0.458673 -0.752639 4.04993 232 00000000.png

233 -0.07166 -0.0151045 -0.996122 -0.0487637 -0.450924 -0.687981 4.05903 233 00000000.png

234 -0.0733804 -0.0143424 -0.996349 -0.0412043 -0.443221 -0.623191 4.06718 234 00000000.png

235 -0.0750963 -0.0135795 -0.996516 -0.0336424 -0.43556 -0.558281 4.0744 235 00000000.png

236 -0.0768077 -0.0128158 -0.996622 -0.0260785 -0.427938 -0.493266 4.08067 236 00000000.png

237 -0.0785144 -0.0120513 -0.996668 -0.018513 -0.420352 -0.428161 4.08599 237 00000000.png

238 -0.0802164 -0.011286 -0.996653 -0.0109464 -0.4128 -0.362978 4.09037 238 00000000.png

239 -0.0819135 -0.0105201 -0.996578 -0.00337906 -0.405278 -0.297733 4.0938 239 00000000.png

240 -0.0836056 -0.00975353 -0.996442 0.00418843 -0.397784 -0.232439 4.09628 240 00000000.png

241 -0.0852926 -0.00898636 -0.996246 0.0117557 -0.390314 -0.16711 4.09781 241 00000000.png

242 -0.0869744 -0.00821865 -0.995989 0.0193222 -0.382865 -0.101761 4.09839 242 00000000.png

243 -0.088651 -0.00745045 -0.995672 0.0268876 -0.375435 -0.0364059 4.09802 243 00000000.png

244 -0.0903222 -0.00668179 -0.995294 0.0344513 -0.36802 0.0289415 4.0967 244 00000000.png

245 -0.0919878 -0.00591272 -0.994856 0.042013 -0.360618 0.0942663 4.09443 245 00000000.png

246 -0.0936479 -0.0051433 -0.994357 0.049572 -0.353225 0.159555 4.09121 246 00000000.png

247 -0.0953024 -0.00437356 -0.993798 0.0571281 -0.345838 0.224793 4.08704 247 00000000.png

248 -0.096951 -0.00360356 -0.993179 0.0646807 -0.338454 0.289967 4.08192 248 00000000.png

249 -0.0985937 -0.00283333 -0.992499 0.0722294 -0.331071 0.355062 4.07585 249 00000000.png

250 -0.10023 -0.00206294 -0.991759 0.0797737 -0.323685 0.420064 4.06884 250 00000000.png

251 -0.101861 -0.00129242 -0.990959 0.0873131 -0.316293 0.484959 4.06088 251 00000000.png

252 -0.103486 -0.000521822 -0.990098 0.0948473 -0.308893 0.549733 4.05198 252 00000000.png

253 -0.105104 0.000248807 -0.989178 0.102376 -0.30148 0.614372 4.04213 253 00000000.png

254 -0.106716 0.00101942 -0.988197 0.109898 -0.294053 0.678862 4.03135 254 00000000.png

255 -0.108321 0.00178997 -0.987156 0.117413 -0.286608 0.743189 4.01963 255 00000000.png

256 -0.10992 0.00256042 -0.986056 0.124922 -0.279143 0.807339 4.00698 256 00000000.png

257 -0.113097 0.0041008 -0.983675 0.139915 -0.264137 0.935052 3.97888 257 00000000.png

258 -0.117722 0.0043013 -0.98329 0.13879 -0.272994 0.924808 3.97506 258 00000000.png

259 -0.122345 0.0045017 -0.982884 0.137662 -0.281766 0.914618 3.97141 259 00000000.png

260 -0.126965 0.00470201 -0.982455 0.13653 -0.290456 0.904482 3.96791 260 00000000.png

261 -0.131582 0.0049022 -0.982003 0.135396 -0.299069 0.894398 3.96459 261 00000000.png

262 -0.136196 0.00510228 -0.981529 0.134258 -0.307608 0.884367 3.96143 262 00000000.png

263 -0.140807 0.00530225 -0.981033 0.133117 -0.316079 0.874388 3.95843 263 00000000.png

264 -0.145415 0.0055021 -0.980514 0.131974 -0.324485 0.864459 3.95561 264 00000000.png

265 -0.150019 0.00570182 -0.979972 0.130827 -0.33283 0.85458 3.95295 265 00000000.png

266 -0.15462 0.00590141 -0.979409 0.129677 -0.341118 0.844751 3.95046 266 00000000.png

267 -0.159218 0.00610086 -0.978823 0.128524 -0.349354 0.834969 3.94814 267 00000000.png

268 -0.163811 0.00630018 -0.978214 0.127369 -0.357542 0.825236 3.946 268 00000000.png

269 -0.168401 0.00649935 -0.977584 0.12621 -0.365686 0.815549 3.94403 269 00000000.png

270 -0.172988 0.00669837 -0.97693 0.125049 -0.373789 0.805909 3.94222 270 00000000.png

271 -0.17757 0.00689724 -0.976255 0.123884 -0.381858 0.796313 3.9406 271 00000000.png

272 -0.182148 0.00709595 -0.975557 0.122717 -0.389896 0.786762 3.93914 272 00000000.png

273 -0.186722 0.0072945 -0.974837 0.121547 -0.397906 0.777254 3.93786 273 00000000.png

274 -0.191292 0.00749289 -0.974095 0.120375 -0.405893 0.767789 3.93676 274 00000000.png

275 -0.195857 0.0076911 -0.973331 0.119199 -0.413862 0.758365 3.93583 275 00000000.png

276 -0.200418 0.00788913 -0.972544 0.118021 -0.421816 0.748982 3.93507 276 00000000.png

277 -0.204974 0.00808699 -0.971735 0.11684 -0.42976 0.739639 3.9345 277 00000000.png

278 -0.209526 0.00828466 -0.970904 0.115657 -0.437698 0.730335 3.93409 278 00000000.png

279 -0.214073 0.00848215 -0.97005 0.11447 -0.445635 0.721069 3.93386 279 00000000.png

280 -0.218615 0.00867943 -0.969175 0.113282 -0.453574 0.711839 3.93381 280 00000000.png

281 -0.223152 0.00887652 -0.968277 0.11209 -0.46152 0.702646 3.93394 281 00000000.png

282 -0.227684 0.00907341 -0.967357 0.110896 -0.469476 0.693487 3.93423 282 00000000.png

283 -0.23221 0.00927009 -0.966415 0.1097 -0.477448 0.684362 3.93471 283 00000000.png

284 -0.236732 0.00946656 -0.965451 0.108501 -0.485438 0.675271 3.93536 284 00000000.png

285 -0.241248 0.00966281 -0.964465 0.107299 -0.493453 0.66621 3.93618 285 00000000.png

286 -0.250263 0.0100547 -0.962427 0.104889 -0.509568 0.648182 3.93835 286 00000000.png

287 -0.252598 0.0104476 -0.961659 0.106286 -0.499861 0.659811 3.93627 287 00000000.png

288 -0.254931 0.0108405 -0.960883 0.107681 -0.490163 0.671462 3.93435 288 00000000.png

289 -0.257263 0.0112333 -0.9601 0.109076 -0.480475 0.683138 3.93257 289 00000000.png

290 -0.259592 0.011626 -0.959309 0.11047 -0.470797 0.694839 3.93095 290 00000000.png

291 -0.261919 0.0120186 -0.95851 0.111863 -0.461133 0.706564 3.92947 291 00000000.png

292 -0.264244 0.0124111 -0.957703 0.113256 -0.451482 0.718316 3.92815 292 00000000.png

293 -0.266566 0.0128035 -0.956888 0.114647 -0.441848 0.730096 3.92698 293 00000000.png

294 -0.268887 0.0131958 -0.956065 0.116037 -0.43223 0.741903 3.92596 294 00000000.png

295 -0.271205 0.013588 -0.955235 0.117427 -0.422631 0.75374 3.92509 295 00000000.png

296 -0.273521 0.0139801 -0.954397 0.118815 -0.413051 0.765606 3.92436 296 00000000.png

297 -0.275835 0.0143721 -0.953551 0.120203 -0.403493 0.777503 3.92379 297 00000000.png

298 -0.278147 0.014764 -0.952697 0.121589 -0.393959 0.789432 3.92337 298 00000000.png

299 -0.280456 0.0151557 -0.951836 0.122975 -0.384447 0.801393 3.92309 299 00000000.png

300 -0.282763 0.0155473 -0.950967 0.124359 -0.374961 0.813386 3.92296 300 00000000.png

301 -0.285068 0.0159388 -0.95009 0.125743 -0.365503 0.825414 3.92298 301 00000000.png

302 -0.28737 0.0163302 -0.949205 0.127126 -0.356073 0.837477 3.92315 302 00000000.png

303 -0.28967 0.0167214 -0.948313 0.128507 -0.346673 0.849576 3.92346 303 00000000.png

304 -0.291968 0.0171125 -0.947413 0.129887 -0.337304 0.86171 3.92392 304 00000000.png

305 -0.294264 0.0175034 -0.946505 0.131267 -0.327968 0.873882 3.92453 305 00000000.png

306 -0.296557 0.0178942 -0.945589 0.132645 -0.318665 0.886093 3.92528 306 00000000.png

307 -0.298847 0.0182849 -0.944666 0.134022 -0.309398 0.898342 3.92617 307 00000000.png

308 -0.301135 0.0186754 -0.943735 0.135398 -0.300168 0.910631 3.92721 308 00000000.png

309 -0.303421 0.0190658 -0.942797 0.136773 -0.290976 0.92296 3.9284 309 00000000.png

310 -0.305704 0.019456 -0.94185 0.138147 -0.281824 0.935331 3.92972 310 00000000.png

311 -0.307985 0.019846 -0.940896 0.13952 -0.272713 0.947744 3.93119 311 00000000.png

312 -0.310263 0.0202359 -0.939934 0.140892 -0.263643 0.960199 3.93281 312 00000000.png

313 -0.312539 0.0206256 -0.938965 0.142262 -0.254618 0.972699 3.93456 313 00000000.png

314 -0.314812 0.0210152 -0.937988 0.143632 -0.245638 0.985243 3.93645 314 00000000.png

315 -0.31935 0.0217938 -0.936011 0.146367 -0.227819 1.01047 3.94066 315 00000000.png

316 -0.321838 0.021919 -0.935167 0.146297 -0.230579 1.0096 3.93938 316 00000000.png

317 -0.324322 0.0220441 -0.934316 0.146226 -0.233331 1.00876 3.93818 317 00000000.png

318 -0.326805 0.0221691 -0.933459 0.146154 -0.236075 1.00793 3.93707 318 00000000.png

319 -0.329286 0.0222938 -0.932596 0.146081 -0.238814 1.00711 3.93604 319 00000000.png

320 -0.331764 0.0224185 -0.931726 0.146007 -0.241547 1.00632 3.93508 320 00000000.png

321 -0.33424 0.022543 -0.930849 0.145932 -0.244276 1.00554 3.93421 321 00000000.png

322 -0.336713 0.0226673 -0.929966 0.145856 -0.247002 1.00477 3.93343 322 00000000.png

323 -0.339184 0.0227915 -0.929077 0.145779 -0.249725 1.00403 3.93272 323 00000000.png

324 -0.341653 0.0229155 -0.928181 0.145701 -0.252448 1.0033 3.9321 324 00000000.png

325 -0.34412 0.0230393 -0.927278 0.145621 -0.255168 1.00258 3.93155 325 00000000.png

326 -0.346584 0.023163 -0.92637 0.145541 -0.257891 1.00188 3.93109 326 00000000.png

327 -0.349045 0.0232866 -0.925455 0.14546 -0.260614 1.0012 3.93072 327 00000000.png

328 -0.351505 0.0234099 -0.924533 0.145378 -0.26334 1.00054 3.93042 328 00000000.png

329 -0.353962 0.0235331 -0.923605 0.145295 -0.266069 0.999892 3.93021 329 00000000.png

330 -0.356416 0.0236562 -0.922671 0.145211 -0.268803 0.999262 3.93007 330 00000000.png

331 -0.358868 0.0237791 -0.92173 0.145126 -0.271542 0.998647 3.93002 331 00000000.png

332 -0.361317 0.0239018 -0.920783 0.14504 -0.274287 0.99805 3.93006 332 00000000.png

333 -0.363764 0.0240244 -0.91983 0.144953 -0.277039 0.997469 3.93017 333 00000000.png

334 -0.366209 0.0241467 -0.91887 0.144865 -0.279799 0.996905 3.93036 334 00000000.png

335 -0.368651 0.024269 -0.917904 0.144775 -0.282569 0.996357 3.93064 335 00000000.png

336 -0.37109 0.024391 -0.916932 0.144685 -0.285349 0.995826 3.93099 336 00000000.png

337 -0.373527 0.0245129 -0.915953 0.144594 -0.28814 0.995311 3.93143 337 00000000.png

338 -0.375961 0.0246346 -0.914967 0.144502 -0.290942 0.994814 3.93195 338 00000000.png

339 -0.378393 0.0247562 -0.913976 0.144409 -0.293757 0.994333 3.93255 339 00000000.png

340 -0.380822 0.0248775 -0.912978 0.144315 -0.296587 0.993868 3.93323 340 00000000.png

341 -0.383248 0.0249987 -0.911974 0.14422 -0.299431 0.99342 3.934 341 00000000.png

342 -0.385672 0.0251198 -0.910964 0.144124 -0.302291 0.992989 3.93484 342 00000000.png

343 -0.388093 0.0252406 -0.909947 0.144027 -0.305167 0.992574 3.93576 343 00000000.png


